[time estimation]
t_est_60 = 205.747621059
t_est_20 = 1209.64685357
t_est_10 = 1663.70485806

